92.1 14 112 17.2146 33.8466 -3.28191 22.342 41.4911 -5.17227
91.6 12 101 9.59798 32.9489 -3.13469 23.2357 40.6665 -15.0492
91.4 10 97 14.2961 34.2036 -10.0212 23.4182 40.6354 -18.2915
91.7 8 77 11.912 33.9303 -19.2394 25.0755 40.6044 -33.5669
92.6 6 70 11.3812 32.0534 -21.6577 24.571 41.5167 -37.2887
93 4 60.8 12.0915 22.6756 -21.6175 24.8244 41.579 -41.9545
95 2 25 25.6672 6.55622 -16.7894 20.3392 51.428 -55.2053
97 0 56 23.9928 6.55585 -23.5569 23.3872 53.4139 -49.2575
98.1 -2 47.3 24.4276 5.98559 -22.0114 22.7695 54.3084 -53.5634
99.7 -4 50 22.9673 4.53697 -20.5103 24.6725 54.624 -54.0118
100.8 -5.5 50.8 22.2459 4.60431 -20.1494 25.5613 55.584 -54.9393
102.3 -7 33.5 20.6562 3.30803 -14.1594 24.8759 56.5618 -60.896
105 -8.4 32.4 19.9971 2.36871 -12.715 26.7316 57.0262 -62.4724
107 -9.7 24.7 20.2776 1.38716 -9.73359 26.6083 58.889 -64.6198
109 -10.5 10 19.4128 0.438818 -3.80315 26.1636 58.3983 -62.0544
111 -10.4 10 19.3144 -0.510055 -2.85161 24.126 60.161 -63.4364
113 -10.7 8 19.2536 -1.45831 -1.23547 25.7713 60.5539 -63.5513
115 -11.2 11.4 19.1887 -2.40479 -1.43544 24.8365 61.5843 -65.2785
117 -11.3 358.7 18.8797 -3.96612 4.39343 23.2438 61.7647 -61.2215
123 2 170 -63.9294 16.728 27.5751 16.1805 -4.93617 -7.67089
121 2.3 190 -60.863 34.0519 22.9659 15.1663 -4.98013 -2.27087
119.7 6.5 128 -11.5077 -1.20098 8.3288 17.994 -8.10348 -19.1684
121.7 10 92 3.99582 28.0453 -3.01462 20.0892 -10.0862 -20.429
119.2 14 65 -22.9217 3.64373 19.2342 30.4212 -4.75195 -25.5627
119.2 16 95 -42.0623 2.84226 42.15 32.2818 -5.06482 -32.6004
119.2 17.5 88 -58.1127 4.55239 57.9184 32.2117 -5.06482 -32.0153
119.8 19 119 -71.6749 10.5506 67.8033 33.1542 -5.13391 -31.4863
120.2 20.5 74 -52.5847 34.6312 41.002 33.1208 -5.07588 -30.4386
128.6 4 246 -50.7327 8.44774 -42.9106 -75.3528 25.0691 -58.6417
127.4 6 247.3 -45.8608 8.60901 -38.986 -72.9699 26.1125 -57.2405
127.3 8 267 -41.7481 21.2224 -40.5802 -71.3086 25.3496 -69.8842
126.8 10 252.8 -35.9631 23.1709 -27.5029 -68.8931 26.267 -58.0447
126.2 12 247.4 -18.3039 31.1837 -4.91462 -66.4543 27.016 -50.9692
125.2 14 248 -10.3178 53.1636 10.349 -63.1226 27.0863 -48.3796
123.5 15.6 205 -19.1182 52.8363 39.8063 -60.2295 29.9865 1.72289
124 23.4 345 14.8162 -52.0569 54.1179 -47.9499 29.8302 -41.2241
127 24.2 325 28.2699 -25.8748 37.4103 -46.1143 26.1854 -47.8999
129 25.7 320 32.3039 -26.8156 41.3065 -43.2977 23.4813 -45.819
130.5 27.5 310 29.5512 -19.3091 35.0492 -40.5657 22.1566 -45.3171
132 29.8 300 29.6339 -23.5023 37.4148 -35.8193 20.0017 -41.0213
134 31.8 335 9.82558 -13.8083 16.667 -31.3371 17.4829 -29.0885
135.5 32.6 340 8.78657 -13.5703 15.7571 -30.1908 15.8622 -25.2314
137 33.1 345 8.901 -13.3859 15.2335 -29.0975 14.1555 -21.2041
134.5 6.8 315 -73.4117 22.9312 -68.1248 -74.3628 23.2402 -69.0158
136 7.3 358 -70.5833 22.1911 -24.6409 -71.849 24.6573 -27.1497
138 8.6 305 -64.6962 17.912 -63.2699 -67.1129 20.3661 -66.6572
138.6 10 290 -66.7103 18.5012 -69.015 -69.1077 21.0224 -72.1301
140.5 10.8 359 -66.3411 16.0215 -17.1769 -86.0389 23.9003 -25.3982
142.5 11.4 350.3 -65.9209 12.8101 -23.7339 -86.0272 24.1275 -38.2772
144.5 12 335.9 5.63783 6.05219 -3.22255 -85.6855 25.5075 -58.2721
146.5 13.3 314.4 -2.76955 17.884 -14.4916 -86.6387 25.9947 -80.0885
147.5 15 289.2 -13.4856 24.873 -20.9154 -85.9309 28.4341 -90.5022
147.8 17 271 -27.2484 27.3721 -27.722 -86.8893 28.7735 -87.3782
147.6 19 260 -43.6325 18.6491 -39.7312 -87.2627 27.5715 -81.1492
146.9 21 235 -45.1852 14.6355 -28.6189 -87.2626 27.4999 -55.708
145.1 23 225.3 -46.1331 10.3105 -25.539 -86.6842 25.8474 -43.4341
143.3 27 272 -38.5546 11.8705 -38.9454 -86.6177 25.6523 -87.4602
142.9 29 252.3 -35.3164 11.8481 -30.0423 -86.5309 25.6081 -74.6489
142.3 31 258 -32.1365 13.7466 -28.5761 -86.4344 25.5412 -79.2353
142.1 33 260.9 -28.332 13.776 -25.7966 -85.3333 25.2431 -80.2669
142.2 35 297.1 -0.247209 -10.4929 4.55993 -85.1529 25.2544 -87.3087
143.5 37 298.9 -0.558729 -10.9868 4.82058 -83.5709 26.261 -85.8549
144.2 39 276.6 0.115997 -11.9287 1.48628 -83.6346 25.1994 -85.9767
144.5 40.5 291.9 -1.01249 -11.7953 3.46008 -83.0912 26.3698 -86.9306
145.5 41.5 318.5 -8.46719 -11.0637 2.67567 -81.929 26.1842 -73.8986
147 42.2 324 -9.50909 -11.5191 3.72986 -81.3646 27.4559 -70.0372
149 43.5 318.9 -8.417 -12.0793 3.56942 -79.6962 28.4407 -73.8221
151 44.4 329.4 -8.44077 -12.0384 6.06527 -78.0622 29.3774 -65.0233
153 45.3 318.3 -8.45276 -12.0003 3.33686 -76.4072 30.2658 -73.426
155.1 47 307.6 -8.98721 -12.2194 0.335133 -75.5094 31.4889 -79.0381
157.5 49 313.9 -8.03912 -12.9614 3.19486 -72.2034 32.9295 -74.8596
160.2 51 304.1 -8.45336 -13.1207 0.356082 -70.1703 33.6977 -76.9975
162.3 53 300 -7.80121 -12.9724 -0.26983 -67.2622 33.9302 -75.2158
163.6 54.5 300 -8.05981 -13.0978 -0.431113 -65.4322 34.484 -73.908
173 51.6 27.9 -10.5026 -14.1788 17.4452 -63.0213 38.522 -4.55486
175 51.1 16.2 -11.1782 -14.1866 16.7419 -62.8985 38.5981 -19.5174
177 50.8 20.9 -11.0097 -14.1211 17.1195 -60.5049 38.4669 -14.3516
179 50.4 11.6 -11.6653 -14.1223 16.1795 -61.2078 39.0516 -25.9465
181 50.3 350.9 -12.2527 -14.1063 11.9909 -59.9092 40.7642 -49.7263
183 50.4 350.2 -12.3909 -14.0766 11.7621 -58.5178 38.8785 -48.2715
185 50.5 352 -13.33 -14.0228 12.0311 -57.7234 39.7013 -47.3485
187 50.9 353 -12.9898 -14.0113 12.3238 -55.473 40.6976 -47.1547
189 51.1 342.3 -13.4976 -13.9548 9.19053 -54.6193 41.4557 -56.0993
191 51.5 336.2 -14.3481 -13.8289 6.86283 -54.025 40.0999 -58.4913
193 52 337.9 -13.9731 -13.8503 7.57562 -51.7488 40.9403 -57.4015
195 52.5 338 -13.5948 -13.8824 7.77888 -48.696 41.0332 -56.2871
197 53.1 339.5 -14.5646 -14.7084 8.67628 -47.5214 40.3473 -54.4346
199 53.5 343.5 -14.8022 -13.6136 8.8489 -45.2993 40.9152 -52.096
201 53.8 341.6 -14.4721 -13.6781 8.41069 -44.7696 39.5672 -51.6759
203 54.2 341.3 -15.2791 -13.4517 7.84294 -43.1242 39.4373 -51.1815
205 54.8 323.1 -15.6296 -13.3027 1.25369 -40.8925 39.8312 -56.405
207 55.6 330.1 -15.5321 -13.2715 3.76244 -39.1568 39.5881 -53.838
209 56.2 331 -15.8649 -13.1034 3.769 -36.9484 39.8171 -52.7378
211 57.1 319.6 -16.4637 -12.7592 -0.953828 -35.7527 38.9692 -52.8485
213 58 314.5 -15.8897 -11.8133 -3.05327 -33.4905 39.0686 -51.2706
214.5 59.1 310.6 -16.868 -12.2838 -4.81341 -30.081 38.7564 -48.0613
215.5 59.2 345 -16.717 -12.3546 7.60693 -29.8334 37.4847 -43.9289
231.7 50 70 -20.5626 -2.22731 20.0843 19.3306 15.6028 -23.5013
233.4 48 70 -21.3459 -1.93986 20.7221 10.9107 16.1596 -15.7796
234.1 46 80 -21.9142 -2.01814 21.9317 5.92773 13.734 -8.22256
234.6 44 89 -21.4978 -1.7828 21.5256 1.89624 8.82713 -2.05001
234.7 42 86 -21.3759 -1.0559 21.3975 -0.59065 12.7746 -0.3019
254.5 19.1 54.9 -22.5523 -4.19259 20.8619 1.19205 30.1578 -18.3162
256 17.9 37.4 -22.9448 -4.2718 17.3297 5.11958 34.4002 -30.4376
258 16.9 25 -21.9223 -2.94449 11.9334 8.81131 38.7263 -38.8218
260 16.3 30.4 -22.5327 -2.63415 13.6743 10.621 44.3366 -43.6155
262 15.6 17.8 -22.9437 -2.54944 9.44118 12.3297 48.7703 -50.2048
264 15.3 9.7 -21.6524 -1.2123 4.84317 14.4699 54.1429 -55.8068
266 14.2 21 -10.7765 1.52802 2.43543 18.2282 58.4498 -61.1
268 13.2 26.5 -9.99014 1.98847 2.67803 22.1787 62.6294 -65.9453
270 12.3 22.2 -11.2257 2.04333 2.34968 21.8358 67.0791 -70.357
272 11.4 32 -10.5849 2.60467 3.40027 25.8806 71.2386 -74.1283
274 9.4 30 -9.30159 3.50632 1.61423 30.9225 76.9637 -82.1137
281.9 5 113 -9.62842 13.2615 14.0447 39.6928 20.2683 -28.6179
280.9 3.5 120 -16.2246 15.4736 21.7877 39.7795 19.4209 -24.7396
279.9 2 115 -6.10966 13.094 11.071 41.7625 19.1855 -29.7416
278.1 -4 91 -23.5577 7.79308 23.6902 45.6593 17.3397 -45.3497
278.1 -5.5 82.9 -22.912 8.22076 21.7203 47.3975 17.8573 -49.2412
278.4 -7 71.4 -23.0925 8.17385 19.2792 48.1829 18.0692 -51.4296
279.2 -9 64 -23.3122 8.04877 17.4245 49.8952 18.4619 -52.9386
280.4 -11 58.9 -23.3533 6.82966 16.4689 50.6662 18.5331 -52.9568
281.7 -13 55.5 -22.9456 7.94599 14.4094 52.0791 20.1091 -54.3097
285.9 -17 37.8 -22.6847 8.48597 7.19836 52.5395 23.8517 -51.0484
288 -19 56.4 -12.7031 8.97579 5.61356 53.4061 23.8529 -57.683
288.7 -21 84.4 -16.1058 9.55388 15.0966 54.7692 25.7125 -57.0169
288.7 -23 94.7 -17.2335 8.87028 17.9024 55.6655 26.0545 -53.3435
288.6 -25 93.3 -15.9951 8.41526 16.453 56.1178 24.7373 -54.6007
288.3 -27 101.1 -15.9926 8.4614 17.3224 57.0658 25.109 -51.1642
287.7 -29 99.4 -14.8098 9.10022 16.0972 57.5431 23.8442 -52.8761
287.4 -32 94.8 -14.7214 9.14649 15.4351 58.5827 24.1995 -56.3523
286.9 -34 113.3 -19.5719 8.60393 21.3789 58.6683 24.2767 -44.2811
286.2 -35.5 118.4 -19.2527 7.68725 20.5919 59.1798 23.0035 -41.1164
285.4 -37 105 -20.1048 6.86051 21.1954 59.2685 23.1274 -51.2632
284.9 -39 99 -19.1738 7.90385 20.1741 59.8265 21.816 -55.6772
284.7 -41 97 -18.8431 7.91985 19.6678 60.0009 21.8471 -56.8911
284.5 -43 95 -17.7143 7.80356 18.327 60.1992 21.8781 -58.0633
283.9 -45 95 -17.3435 7.86284 17.9628 60.4166 21.9714 -58.2718
283.8 -47 98 -14.2133 0.0631138 14.0837 4.655 6.83449 -3.65852
282.8 -49 98 -16.9898 8.06811 17.9473 3.83139 7.07842 -2.80897
283.3 -51 80 -15.6319 7.69656 14.0579 4.13038 7.00053 -5.28326
283.9 -53 89 -15.3146 8.65656 15.1612 3.37459 6.95997 -3.49554
285.7 -55 46 -15.2411 7.42074 5.80866 2.66634 6.69809 -6.57089
302.6 12 278 -10.0233 8.7579 -11.1447 -23.0747 7.427 -23.8838
302.3 14 251 -10.7077 9.30713 -7.09423 -23.0325 7.22923 -19.4241
301.2 16 250 -11.2584 8.77577 -7.57791 -22.0264 6.54807 -18.4585
299.8 18 230 -10.5551 8.90245 -2.36329 -21.537 6.75045 -12.1592
298 19.3 205 -11.0741 7.35023 1.98147 -22.0432 6.40566 -3.51038
296 19.8 185 -6.77992 12.3925 11.7544 -22.8337 5.87744 3.86499
294 19.8 176 -7.55243 13.0748 13.5698 -22.2451 5.32272 6.86149
292 19.7 176 -7.95709 12.4634 12.9881 -23.0135 4.76925 6.36297
335.4 -60 319 63.5268 23.5528 23.9018 -18.2994 4.51386 -15.4122
336.2 -58 265 57.9937 22.8706 59.7663 -18.301 3.51983 -17.9246
334.9 -56 240 50.3145 24.0657 55.6065 -18.845 4.71897 -13.9607
333 -55.1 205 26.9807 21.9221 31.2707 -18.8133 5.03341 -3.38904
331 -54.9 184 6.16662 18.1334 18.5194 -18.8462 5.28592 3.9584
329 -54.8 190 -13.1798 7.90084 5.49215 -18.5751 4.58194 1.2868
164.5 -48 98 -38.6821 34.3061 43.0801 -11.235 52.1832 18.3882
181.6 -35 292.5 -10.2407 39.5996 -24.6153 -60.682 38.8564 -70.9326
182.2 -33 287.9 -9.08079 39.3418 -20.7332 -62.8001 39.9558 -72.0409
183.2 -31 291.1 -7.70355 39.9756 -21.5782 -65.4799 40.1913 -75.5584
183.9 -29 286.4 -5.75092 38.2459 -16.3153 -67.2735 39.8371 -75.7841
184.5 -27 281.2 -4.5962 37.6839 -11.8282 -69.3534 40.8736 -75.9716
185.4 -23 297.9 32.6689 15.9076 21.4281 -71.9455 39.4919 -82.0624
186.5 -21 291.1 68.7676 -4.65447 65.8326 -73.453 41.4553 -83.452
187.2 -19 286.8 102.349 -23.1359 104.668 -75.7002 39.9428 -84.014
187.8 -17 286.1 102.841 -10.1263 101.616 -76.8145 40.4133 -85.009
187.7 -15.5 241.4 142.217 -16.3838 117.021 -76.9469 40.4132 -48.2126
168.2 -20 61.4 -97.0751 -5.81497 88.0139 7.43481 51.2806 -31.0753
167.4 -18 81.5 -77.1405 0.946822 76.1532 9.15669 51.2393 -16.6298
166.2 -14 83 -87.798 22.0509 84.4563 11.9572 51.4227 -18.1349
165.7 -12 66 -130.793 -24.2419 129.346 15.1335 51.4096 -34.7353
152 -6.1 335 -4.92188 -53.4059 46.3221 3.96302 83.179 -73.7109
150 -7 339 -17.6665 -20.9493 13.2267 6.42548 77.0191 -69.6008
148 -7.3 10 -20.3229 9.77892 -6.10132 5.66248 70.7526 -70.661
