92.1 14 70
91.6 12 70
91.4 10 70
91.7 8 70
92.6 6 70
93 4 56
95 2 40
97 0 40
98.1 -2 49
99.7 -4 49
100.8 -5.5 61
102.3 -7 63
105 -8.4 71
107 -9.7 68
109 -10.5 68
111 -10.4 69
113 -10.7 68
115 -11.2 68
117 -11.3 70
121.7 10 55
119.2 14 75
119.2 16 60
119.2 17.5 60
119.8 19 65
120.2 20.5 75
124 23.4 65
127 24.2 57
129 25.7 58
130.5 27.5 61
132 29.8 64
142.5 11.4 64
144.5 12 73
146.5 13.3 74
147.5 15 84
147.8 17 86
147.6 19 86
146.9 21 84
145.1 23 72
143.3 27 74
142.9 29 71
142.3 31 61
142.1 33 50
142.2 35 31
143.5 37 30
144.2 39 29
144.5 40.5 25
145.5 41.5 32
147 42.2 33
149 43.5 40
151 44.4 44
153 45.3 47
155.1 47 48
157.5 49 50
160.2 51 51
162.3 53 56
163.6 54.5 64
177 50.8 56
179 50.4 57
181 50.3 57.5
183 50.4 58
185 50.5 59
187 50.9 62
189 51.1 61
191 51.5 60
193 52 59
197 53.1 53
201 53.8 48
207 55.6 45
209 56.2 43
211 57.1 40
213 58 38
233.4 48 45
234.1 46 45
234.6 44 45
266 14.2 55
268 13.2 54
270 12.3 64
272 11.4 66
274 9.4 57
281.9 5 50
280.9 3.5 45
279.9 2 45
278.1 -4 45
278.1 -5.5 46
278.4 -7 47
279.2 -9 49
280.4 -11 49
281.7 -13 52
285.9 -17 50
288 -19 41
288.7 -21 40
288.7 -23 45
288.6 -25 47
288.3 -27 49
286.9 -34 35
302.3 14 55
335.4 -60 72
336.2 -58 83
334.9 -56 84
333 -55.1 86
331 -54.9 80
181.6 -35 70
182.2 -33 68
183.2 -31 62
183.9 -29 57
184.5 -27 56.5
185.4 -23 57
186.5 -21 54
187.2 -19 51
187.8 -17 53
168.2 -20 66
167.4 -18 71
166.2 -14 82
152 -6.1 70
150 -7 82
148 -7.3 76
