92.1 14 -21.1459
91.6 12 -20.6483
91.4 10 -20.1383
91.7 8 -19.6152
92.6 6 -18.9409
93 4 -29.1173
95 2 -36.8282
97 0 -34.6384
98.1 -2 -29.9859
99.7 -4 -33.88
100.8 -5.5 -26.8485
102.3 -7 -25.6825
105 -8.4 -18.7974
107 -9.7 -22.0571
109 -10.5 -22.338
111 -10.4 -21.5029
113 -10.7 -22.6155
115 -11.2 -22.753
117 -11.3 -20.8985
121.7 10 -17.1014
119.2 14 -8.09342
119.2 16 -14.1426
119.2 17.5 -17.3211
119.8 19 -15.9385
120.2 20.5 -10.2083
124 23.4 -16.6689
127 24.2 -22.3834
129 25.7 -24.4768
130.5 27.5 -22.855
132 29.8 -20.6658
142.5 11.4 -36.3853
144.5 12 -24.3453
146.5 13.3 -22.9519
147.5 15 -8.61984
147.8 17 -5.69574
147.6 19 -5.65765
146.9 21 -8.44917
145.1 23 -24.8078
143.3 27 -22.3558
142.9 29 -25.7735
142.3 31 -37.5544
142.1 33 -48.6728
142.2 35 -64.4008
143.5 37 -66.3347
144.2 39 -66.7388
144.5 40.5 -68.3604
145.5 41.5 -63.966
147 42.2 -61.25
149 43.5 -55.4778
151 44.4 -52.0954
153 45.3 -49.3911
155.1 47 -46.7877
157.5 49 -44.9457
160.2 51 -44.004
162.3 53 -37.2809
163.6 54.5 -29.2258
177 50.8 -27.3957
179 50.4 -27.1724
181 50.3 -27.2807
183 50.4 -26.906
185 50.5 -26.1504
187 50.9 -24.843
189 51.1 -25.6547
191 51.5 -26.0351
193 52 -26.3748
197 53.1 -29.2096
201 53.8 -32.169
207 55.6 -32.9995
209 56.2 -33.0698
211 57.1 -34.2598
213 58 -33.2267
233.4 48 -14.9077
234.1 46 -15.6353
234.6 44 -15.6353
266 14.2 -16.2238
268 13.2 -18.3804
270 12.3 -14.3177
272 11.4 -14.3489
274 9.4 -18.5148
281.9 5 -18.6797
280.9 3.5 -18.2581
279.9 2 -16.3305
278.1 -4 -25.8208
278.1 -5.5 -25.3663
278.4 -7 -25.3156
279.2 -9 -24.3528
280.4 -11 -29.6652
281.7 -13 -27.8385
285.9 -17 -30.9025
288 -19 -36.9744
288.7 -21 -37.8756
288.7 -23 -34.6423
288.6 -25 -33.1014
288.3 -27 -31.5405
286.9 -34 -35.3927
302.3 14 -40.1063
335.4 -60 -11.8349
336.2 -58 -4.87495
334.9 -56 -4.40747
333 -55.1 -2.9413
331 -54.9 -7.32192
181.6 -35 -22.2248
182.2 -33 -24.5972
183.2 -31 -31.1424
183.9 -29 -36.4917
184.5 -27 -37.345
185.4 -23 -37.384
186.5 -21 -40.5355
187.2 -19 -43.6022
187.8 -17 -41.6965
168.2 -20 -18.1905
167.4 -18 -15.0379
166.2 -14 -7.18713
152 -6.1 -12.6957
150 -7 -5.16608
148 -7.3 -8.98009
