14.0000 92.1000 24.0845 -21.5535 8.3155
12.0000 91.6000 23.1510 -22.5000 7.4409
10.0000 91.4000 15.3576 -29.4889 0.0243
8.0000 91.7000 1.4222 -38.5001 -12.2083
6.0000 92.6000 -3.6679 -40.0953 -16.0062
4.0000 93.0000 -7.3283 -38.6392 -17.8459
2.0000 95.0000 -18.2742 -25.1637 -20.5150
0.0000 97.0000 -12.5833 -38.9712 -21.1087
-2.0000 98.1000 -15.1647 -35.3522 -21.4854
-4.0000 99.7000 -13.2289 -33.9905 -19.5735
-5.5000 100.8000 -13.0317 -33.4706 -19.1497
-7.0000 102.3000 -14.8090 -23.1329 -16.8083
-8.4000 105.0000 -14.5421 -20.9038 -15.7029
-9.7000 107.0000 -15.3331 -15.4611 -14.3166
-10.5000 109.0000 -15.6981 -5.0102 -11.0892
-10.4000 111.0000 -15.1386 -3.7630 -10.1801
-10.7000 113.0000 -14.6657 -1.2564 -8.9301
-11.2000 115.0000 -13.9557 -2.1350 -8.5863
-11.3000 117.0000 -13.0490 7.6691 -4.7667
2.0000 123.0000 49.0836 20.6034 37.8902
2.3000 121.0000 36.5392 22.7953 30.3339
10.0000 121.7000 20.4582 -22.7504 5.6515
14.0000 119.2000 33.0285 2.5160 22.9677
16.0000 119.2000 67.0219 21.8795 51.1379
17.5000 119.2000 80.8153 37.9074 65.7743
19.0000 119.8000 96.8431 48.5462 79.2237
20.5000 120.2000 58.7619 22.5000 46.1956
4.0000 128.6000 -55.4960 -27.4294 -46.9904
8.0000 127.3000 -62.0201 -21.4492 -48.3947
10.0000 126.8000 -43.6169 -10.0886 -32.7166
12.0000 126.2000 -18.8219 11.6663 -9.0016
14.0000 125.2000 -4.0158 27.2320 6.2072
15.6000 123.5000 46.4048 44.7637 44.5237
23.4000 124.0000 30.6619 63.1161 43.4985
24.2000 127.0000 9.2752 52.4688 25.9007
25.7000 129.0000 12.6391 57.6766 29.9610
27.5000 130.5000 6.1144 53.3663 24.1556
29.8000 132.0000 9.3100 57.0000 27.4169
31.8000 134.0000 -9.5638 29.6817 6.1894
32.6000 135.5000 -9.4099 27.5066 5.6094
33.1000 137.0000 -8.7418 25.6601 5.4597
8.6000 138.0000 -92.4207 -44.1656 -74.7412
10.8000 140.5000 -37.1589 -10.7977 -25.7234
11.4000 142.5000 -46.7727 -14.2896 -33.2065
12.0000 144.5000 -29.9867 10.6050 -13.7730
13.3000 146.5000 -43.4597 4.0216 -25.3877
15.0000 147.5000 -47.2123 -0.3979 -30.3038
17.0000 147.8000 -48.7917 -8.2414 -34.7936
19.0000 147.6000 -56.5030 -21.8435 -44.9591
21.0000 146.9000 -33.9509 -16.6229 -29.3570
23.0000 145.1000 -26.0906 -16.3617 -24.3425
27.0000 143.3000 -59.6232 -19.4059 -45.2155
29.0000 142.9000 -42.8795 -13.6302 -33.0186
31.0000 142.3000 -43.5943 -11.1472 -32.2811
33.0000 142.1000 -41.6693 -8.0140 -29.7242
35.0000 142.2000 -21.1682 24.1594 -3.7117
37.0000 143.5000 -20.6138 24.1368 -3.2324
39.0000 144.2000 -18.2590 20.3760 -3.7337
40.5000 144.5000 -19.8457 22.6392 -3.3564
41.5000 145.5000 -23.1932 19.4474 -5.9259
42.2000 147.0000 -21.7785 19.5630 -4.8431
43.5000 149.0000 -21.4376 20.1764 -4.4408
44.4000 151.0000 -18.3802 20.8608 -2.0097
45.3000 153.0000 -20.6174 19.8914 -3.9581
47.0000 155.1000 -21.8404 17.7309 -5.7567
49.0000 157.5000 -18.7045 19.7566 -2.7962
51.0000 160.2000 -18.9808 17.1213 -4.1950
53.0000 162.3000 -17.6593 16.0898 -3.8464
54.5000 163.6000 -16.9924 15.5563 -3.5958
51.6000 173.0000 4.8736 18.8635 12.5225
51.1000 175.0000 1.7289 21.4434 11.6996
50.8000 177.0000 3.2540 20.6898 12.3981
50.4000 179.0000 0.8514 22.2573 11.5580
50.3000 181.0000 -5.1576 22.7705 7.7970
50.4000 183.0000 -4.9537 22.6644 7.8800
50.5000 185.0000 -4.1366 22.5774 8.4035
50.9000 187.0000 -3.3039 22.6506 8.9794
51.1000 189.0000 -5.9714 21.2184 6.4925
51.5000 191.0000 -7.4272 19.5475 4.7395
52.0000 193.0000 -6.1249 19.8985 5.7264
52.5000 195.0000 -5.2384 19.9186 6.2700
53.1000 197.0000 -3.7201 20.4634 7.4547
53.5000 199.0000 -3.1018 20.0182 7.7915
53.8000 201.0000 -2.7634 19.6317 7.7608
54.2000 203.0000 -2.6159 18.9093 7.5386
54.8000 205.0000 -6.5943 13.2251 2.0776
55.6000 207.0000 -4.0642 15.1196 4.6550
56.2000 209.0000 -3.3582 14.7841 4.9625
57.1000 211.0000 -5.7086 9.9380 1.0610
58.0000 213.0000 -6.1463 7.3438 -0.5121
59.1000 214.5000 -6.4721 5.0173 -1.8377
59.2000 215.5000 1.6297 16.8211 9.3102
50.0000 231.7000 18.3532 15.5899 20.3755
48.0000 233.4000 20.1148 15.7060 21.5599
46.0000 234.1000 22.5989 14.9373 22.6044
44.0000 234.6000 23.4115 12.8575 22.0602
19.1000 254.5000 35.8848 10.8362 29.3762
17.9000 256.0000 31.3325 10.8763 26.2436
16.9000 258.0000 24.6815 8.2845 20.7092
16.3000 260.0000 28.1197 8.3089 22.9473
15.6000 262.0000 22.1292 7.0727 18.2517
15.3000 264.0000 16.2490 4.3767 13.1708
14.2000 266.0000 17.2258 -1.4619 11.9233
13.2000 268.0000 19.3217 -3.0452 12.7295
12.3000 270.0000 18.8255 -2.5901 12.3526
11.4000 272.0000 22.4365 -4.4589 14.1287
9.4000 274.0000 21.1785 -6.2172 12.5048
5.0000 281.9000 27.4153 -1.9499 18.3105
3.5000 280.9000 33.0072 6.5078 24.7638
2.0000 279.9000 24.6413 -5.2627 15.1371
-4.0000 278.1000 46.1562 4.6353 32.2916
-5.5000 278.1000 46.1685 2.6163 31.5008
-7.0000 278.4000 45.5375 0.8470 30.3565
-9.0000 279.2000 44.5161 -0.3141 29.1339
-11.0000 280.4000 44.0114 -0.7112 28.5095
-13.0000 281.7000 42.2532 -2.4051 26.6196
-17.0000 285.9000 33.9299 -6.1841 19.4808
-19.0000 288.0000 34.5420 -12.1847 17.7048
-21.0000 288.7000 41.1806 -5.3731 24.5109
-23.0000 288.7000 41.3773 -2.3433 25.6913
-25.0000 288.6000 40.4449 -3.8882 24.4127
-27.0000 288.3000 38.9218 -2.4558 23.8967
-29.0000 287.7000 38.4024 -3.8275 22.9371
-32.0000 287.4000 39.2392 -4.7273 22.9422
-34.0000 286.9000 38.5876 3.3051 25.4540
-35.5000 286.2000 35.7506 3.4296 23.6402
-37.0000 285.4000 41.8555 2.0705 26.8371
-39.0000 284.9000 42.8811 0.6278 26.8147
-41.0000 284.7000 42.9105 0.1571 26.5401
12.0000 302.6000 -27.9531 4.5579 -18.2510
14.0000 302.3000 -30.8881 9.1848 -17.9347
16.0000 301.2000 -30.9586 8.1812 -18.4140
18.0000 299.8000 -27.2283 11.2583 -14.3547
19.3000 298.0000 -20.8833 10.9397 -9.5213
19.8000 296.0000 -6.4863 15.7621 2.1413
19.8000 294.0000 -1.6835 15.0101 5.1916
19.7000 292.0000 -1.8861 14.1272 4.6407
-60.0000 335.4000 33.0828 27.0222 29.5877
-58.0000 336.2000 49.1119 74.1824 59.1226
-56.0000 334.9000 37.1095 71.8246 51.4920
-55.1000 333.0000 8.8470 44.1673 24.0845
-54.9000 331.0000 -1.9557 26.6976 10.7658
-48.0000 164.5000 64.3209 32.3325 54.2699
-35.0000 181.6000 -53.1606 -7.7618 -36.8987
-33.0000 182.2000 -48.8648 -3.7242 -32.9532
-31.0000 183.2000 -50.2408 -3.9552 -33.7157
-29.0000 183.9000 -44.4579 1.4062 -28.3462
-27.0000 184.5000 -39.1469 5.8088 -23.6530
-23.0000 185.4000 -7.7096 40.5021 9.9161
-21.0000 186.5000 37.2503 85.0671 54.3553
-19.0000 187.2000 76.7021 123.9390 93.3551
-17.0000 187.8000 73.9121 121.0640 90.4960
-20.0000 168.2000 99.1552 77.7170 94.2095
-18.0000 167.4000 95.8641 60.9791 85.3099
-14.0000 166.2000 104.5870 68.4761 93.4805
-12.0000 165.7000 142.2660 116.8520 135.6490
-6.1000 152.0000 19.2841 60.4109 35.6211
-7.0000 150.0000 -12.9548 26.1403 2.7353
-7.3000 148.0000 -21.8154 -2.4073 -12.3444
