92.1 14 70 1
91.6 12 70 1
91.4 10 70 1
91.7 8 70 1
92.6 6 70 1
93 4 56 0
95 2 40 0
97 0 40 0
98.1 -2 49 0
99.7 -4 49 0
100.8 -5.5 61 0
102.3 -7 63 0
105 -8.4 71 0
107 -9.7 68 0
109 -10.5 68 0
111 -10.4 69 0
113 -10.7 68 0
115 -11.2 68 0 
117 -11.3 70 0
121.7 10 55 0
119.2 14 75 1
119.2 16 60 1
119.2 17.5 60 1
119.8 19 65 1
120.2 20.5 75 1
124 23.4 65 1
127 24.2 57 1
129 25.7 58 1
130.5 27.5 61 1
132 29.8 64 1
142.5 11.4 64 0
144.5 12 73 0
146.5 13.3 74 0
147.5 15 84 0
147.8 17 86 0
147.6 19 86 0
146.9 21 84 0
145.1 23 72 1
143.3 27 74 1
142.9 29 71 1
142.3 31 61 1
142.1 33 50 1
142.2 35 31 1
143.5 37 30 1
144.2 39 29 1
144.5 40.5 25 1
145.5 41.5 32 1
147 42.2 33 1
149 43.5 40 1
151 44.4 44 1
153 45.3 47 1
155.1 47 48 0
157.5 49 50 0
160.2 51 51 0
162.3 53 56 0
163.6 54.5 64 0
177 50.8 56 1
179 50.4 57 1
181 50.3 57.5 1
183 50.4 58 1
185 50.5 59 1
187 50.9 62 1
189 51.1 61 1
191 51.5 60 1
193 52 59 1
197 53.1 53 1
201 53.8 48 1
207 55.6 45 0
209 56.2 43 0
211 57.1 40 0
213 58 38 0
233.4 48 45 1
234.1 46 45 1
234.6 44 45 1
266 14.2 55 0 
268 13.2 54 0
270 12.3 64 0
272 11.4 66 0
274 9.4 57 0
281.9 5 50 0
280.9 3.5 45 0
279.9 2 45 0
278.1 -4 45 0
278.1 -5.5 46 0
278.4 -7 47 0
279.2 -9 49 0 
280.4 -11 49 0
281.7 -13 52 0
285.9 -17 50 0
288 -19 41 0
288.7 -21 40 1
288.7 -23 45 1
288.6 -25 47 1
288.3 -27 49 1
286.9 -34 35 1
302.3 14 55 0
335.4 -60 72 1
336.2 -58 83 1
334.9 -56 84 1
333 -55.1 86 1
331 -54.9 80 1
181.6 -35 70 0
182.2 -33 68 0
183.2 -31 62 0
183.9 -29 57 0
184.5 -27 56.5 0
185.4 -23 57 0
186.5 -21 54 1
187.2 -19 51 1
187.8 -17 53 1
168.2 -20 66 1
167.4 -18 71 1
166.2 -14 82 1
152 -6.1 70 0
150 -7 82 0
148 -7.3 76 0
