92.1 14 -21.1459 0
91.6 12 -20.6483 0
91.4 10 -20.1383 0
91.7 8 -19.6152 0
92.6 6 -18.9409 0
93 4 -29.1173 0
95 2 -36.8282 0
97 0 -34.6384 0
98.1 -2 -29.9859 0
99.7 -4 -33.88 0
100.8 -5.5 -26.8485 0
102.3 -7 -25.6825 0
105 -8.4 -18.7974 0
107 -9.7 -22.0571 0
109 -10.5 -22.338 0
111 -10.4 -21.5029 0
113 -10.7 -22.6155 0
115 -11.2 -22.753 0
117 -11.3 -20.8985 0
121.7 10 -17.1014 0
119.2 14 -8.09342 0
119.2 16 -14.1426 0
119.2 17.5 -17.3211 0
119.8 19 -15.9385 0
120.2 20.5 -10.2083 0
124 23.4 -16.6689 0
127 24.2 -22.3834 0
129 25.7 -24.4768 0
130.5 27.5 -22.855 0
132 29.8 -20.6658 0
142.5 11.4 -36.3853 0
144.5 12 -24.3453 0
146.5 13.3 -22.9519 0
147.5 15 -8.61984 0
147.8 17 -5.69574 0
147.6 19 -5.65765 0
146.9 21 -8.44917 0
145.1 23 -24.8078 0
143.3 27 -22.3558 0
142.9 29 -25.7735 0
142.3 31 -37.5544 0
142.1 33 -48.6728 0
142.2 35 -64.4008 0
143.5 37 -66.3347 0
144.2 39 -66.7388 0
144.5 40.5 -68.3604 0
145.5 41.5 -63.966 0
147 42.2 -61.25 0
149 43.5 -55.4778 0
151 44.4 -52.0954 0
153 45.3 -49.3911 0
155.1 47 -46.7877 0
157.5 49 -44.9457 0
160.2 51 -44.004 0
162.3 53 -37.2809 0
163.6 54.5 -29.2258 0
177 50.8 -27.3957 0
179 50.4 -27.1724 0
181 50.3 -27.2807 0
183 50.4 -26.906 0
185 50.5 -26.1504 0
187 50.9 -24.843 0
189 51.1 -25.6547 0
191 51.5 -26.0351 0
193 52 -26.3748 0
197 53.1 -29.2096 0
201 53.8 -32.169 0
207 55.6 -32.9995 0
209 56.2 -33.0698 0
211 57.1 -34.2598 0
213 58 -33.2267 0
233.4 48 -14.9077 0
234.1 46 -15.6353 0
234.6 44 -15.6353 0
266 14.2 -16.2238 0
268 13.2 -18.3804 0
270 12.3 -14.3177 0
272 11.4 -14.3489 0
274 9.4 -18.5148 0
281.9 5 -18.6797 0
280.9 3.5 -18.2581 0
279.9 2 -16.3305 0
278.1 -4 -25.8208 0
278.1 -5.5 -25.3663 0
278.4 -7 -25.3156 0
279.2 -9 -24.3528 0
280.4 -11 -29.6652 0
281.7 -13 -27.8385 0
285.9 -17 -30.9025 0
288 -19 -36.9744 0
288.7 -21 -37.8756 0
288.7 -23 -34.6423 0
288.6 -25 -33.1014 0
288.3 -27 -31.5405 0
286.9 -34 -35.3927 0
302.3 14 -40.1063 0
335.4 -60 -11.8349 0
336.2 -58 -4.87495 0
334.9 -56 -4.40747 0
333 -55.1 -2.9413 0
331 -54.9 -7.32192 0
181.6 -35 -22.2248 0
182.2 -33 -24.5972 0
183.2 -31 -31.1424 0
183.9 -29 -36.4917 0
184.5 -27 -37.345 0
185.4 -23 -37.384 0
186.5 -21 -40.5355 0
187.2 -19 -43.6022 0
187.8 -17 -41.6965 0
168.2 -20 -18.1905 0
167.4 -18 -15.0379 0
166.2 -14 -7.18713 0
152 -6.1 -12.6957 0
150 -7 -5.16608 0
148 -7.3 -8.98009 0
